# Frequency(Hz)	PhaseVelocity(m/s)	Wavelength(m)
5.000	532.53	106.51
5.140	532.53	103.61
5.279	532.52	100.87
5.419	534.82	98.69
5.559	534.88	96.23
5.698	537.24	94.28
5.838	537.13	92.01
5.978	534.71	89.45
6.117	530.05	86.65
6.257	525.40	83.97
6.397	523.03	81.77
6.536	522.78	79.98
6.676	522.64	78.29
6.816	520.56	76.38
6.955	520.48	74.83
7.095	520.37	73.34
7.235	520.24	71.91
7.374	518.13	70.26
7.514	517.94	68.93
7.654	515.77	67.39
7.793	515.45	66.14
7.933	513.19	64.69
8.073	510.91	63.29
8.212	508.61	61.93
8.352	508.13	60.84
8.492	505.77	59.56
8.631	503.37	58.32
8.771	500.92	57.11
8.911	498.44	55.94
9.050	495.96	54.80
9.190	491.80	53.52
9.330	489.32	52.45
9.469	486.84	51.41
9.609	484.35	50.41
9.749	481.87	49.43
9.888	479.39	48.48
10.028	476.92	47.56
10.168	474.40	46.66
10.307	470.35	45.63
10.447	467.69	44.77
10.587	464.86	43.91
10.726	460.35	42.92
10.866	455.60	41.93
11.006	450.58	40.94
11.145	443.88	39.83
11.285	438.49	38.86
11.425	431.62	37.78
11.564	426.13	36.85
11.704	419.34	35.83
11.844	412.71	34.85
11.983	407.45	34.00
12.123	402.26	33.18
12.263	397.20	32.39
12.402	392.24	31.63
12.542	387.40	30.89
12.682	382.68	30.18
12.821	378.07	29.49
12.961	373.57	28.82
13.101	369.20	28.18
13.240	365.93	27.64
13.380	361.76	27.04
13.520	358.66	26.53
13.659	354.72	25.97
13.799	351.79	25.49
13.939	348.97	25.04
14.078	346.26	24.60
14.218	342.67	24.10
14.358	340.11	23.69
14.497	337.63	23.29
14.637	335.22	22.90
14.777	332.88	22.53
14.916	330.59	22.16
15.056	329.50	21.89
15.196	327.31	21.54
15.335	325.18	21.20
15.475	323.09	20.88
15.615	321.10	20.56
15.754	320.23	20.33
15.894	318.28	20.03
16.034	316.39	19.73
16.173	315.64	19.52
16.313	313.81	19.24
16.453	313.11	19.03
16.592	311.35	18.76
16.732	310.70	18.57
16.872	309.00	18.31
17.011	308.41	18.13
17.151	306.74	17.88
17.291	306.22	17.71
17.430	305.73	17.54
17.570	304.08	17.31
17.709	303.62	17.14
17.849	303.20	16.99
17.989	301.56	16.76
18.128	301.19	16.61
18.268	300.81	16.47
18.408	299.19	16.25
18.547	298.86	16.11
18.687	298.56	15.98
18.827	296.96	15.77
18.966	296.60	15.64
19.106	296.37	15.51
19.246	294.96	15.33
19.385	294.51	15.19
19.525	294.24	15.07
19.665	292.85	14.89
19.804	292.75	14.78
19.944	292.62	14.67
20.084	292.41	14.56
20.223	292.12	14.44
20.363	291.96	14.34
20.503	290.62	14.17
20.642	290.57	14.08
20.782	290.53	13.98
20.922	290.50	13.88
21.061	290.47	13.79
21.201	290.44	13.70
21.341	290.42	13.61
21.480	290.39	13.52
21.620	290.36	13.43
21.760	290.33	13.34
21.899	290.30	13.26
22.039	290.27	13.17
22.179	290.22	13.09
22.318	290.15	13.00
22.458	289.93	12.91
22.598	289.65	12.82
22.737	289.42	12.73
22.877	288.06	12.59
23.017	287.98	12.51
23.156	287.91	12.43
23.296	287.84	12.36
23.436	287.73	12.28
23.575	287.52	12.20
23.715	287.28	12.11
23.855	285.83	11.98
23.994	285.71	11.91
24.134	285.64	11.84
24.274	285.58	11.76
24.413	285.53	11.70
24.553	285.48	11.63
24.693	285.42	11.56
24.832	285.32	11.49
24.972	285.18	11.42
25.112	285.08	11.35
25.251	284.95	11.28
25.391	283.53	11.17
25.531	283.38	11.10
25.670	283.30	11.04
25.810	283.24	10.97
25.950	283.19	10.91
26.089	283.15	10.85
26.229	283.11	10.79
26.369	283.07	10.74
26.508	283.04	10.68
26.648	282.99	10.62
26.788	282.89	10.56
26.927	282.77	10.50
27.067	282.71	10.44
27.207	282.61	10.39
27.346	282.43	10.33
27.486	281.12	10.23
27.626	281.01	10.17
27.765	280.93	10.12
27.905	280.87	10.07
28.045	280.83	10.01
28.184	280.80	9.96
28.324	280.76	9.91
28.464	280.73	9.86
28.603	280.69	9.81
28.743	280.65	9.76
28.883	280.60	9.72
29.022	280.56	9.67
29.162	280.43	9.62
29.302	280.28	9.57
29.441	280.19	9.52
29.581	280.14	9.47
29.721	281.38	9.47
29.860	281.49	9.43
30.000	281.48	9.38
